%YAML:1.0
---
cameraMatrix: !!opencv-matrix
   rows: 3
   cols: 3
   dt: d
   data: [ 1.0494028906086576e+03, 0., 9.5285920374224474e+02, 0.,
       1.0497968233580325e+03, 5.3513889938751061e+02, 0., 0., 1. ]
distortionCoefficients: !!opencv-matrix
   rows: 1
   cols: 5
   dt: d
   data: [ 4.2655050463535307e-02, -6.3239730518920068e-02,
       6.1319834020798702e-04, -4.8608479311557177e-04,
       1.9726159851269076e-02 ]
rotation: !!opencv-matrix
   rows: 3
   cols: 3
   dt: d
   data: [ 1., 0., 0., 0., 1., 0., 0., 0., 1. ]
projection: !!opencv-matrix
   rows: 4
   cols: 4
   dt: d
   data: [ 1.0494028906086576e+03, 0., 9.5285920374224474e+02, 0., 0.,
       1.0497968233580325e+03, 5.3513889938751061e+02, 0., 0., 0., 1.,
       0., 0., 0., 0., 1. ]
