%YAML:1.0
---
rotation: !!opencv-matrix
   rows: 3
   cols: 3
   dt: d
   data: [ 9.9995178007108998e-01, -5.7937263215829026e-03,
       -7.9290773718801548e-03, 5.7450571579933879e-03,
       9.9996460289853573e-01, -6.1471349607065831e-03,
       7.9644115231480468e-03, 6.1012855435842077e-03,
       9.9994966996534662e-01 ]
translation: !!opencv-matrix
   rows: 3
   cols: 1
   dt: d
   data: [ -5.1837970983328124e-02, 3.9346497018548474e-04,
       -9.2696537152228906e-03 ]
essential: !!opencv-matrix
   rows: 3
   cols: 3
   dt: d
   data: [ 5.6388407371261645e-05, 9.2717262384842940e-03,
       3.3646335465341011e-04, -8.8563477997434890e-03,
       3.6998409969116311e-04, 5.1908861777970709e-02,
       -6.9125810358621658e-04, -5.1833856441055141e-02,
       3.2177481791543497e-04 ]
fundamental: !!opencv-matrix
   rows: 3
   cols: 3
   dt: d
   data: [ 2.9964053594208525e-08, 4.9287763570391573e-06,
       -9.5931414381462369e-04, -4.7043800756378845e-06,
       1.9660681819349338e-07, 1.1300577015567628e-02,
       2.1034729045617448e-03, -3.3717380486161339e-02,
       9.9999999999999989e-01 ]
