%YAML:1.0
---
depthShift: -1.8138177166923303e+01
