%YAML:1.0
---
cameraMatrix: !!opencv-matrix
   rows: 3
   cols: 3
   dt: d
   data: [ 3.6823238946864490e+02, 0., 2.5248263693433844e+02, 0.,
       3.6809016198365634e+02, 2.0645810168826799e+02, 0., 0., 1. ]
distortionCoefficients: !!opencv-matrix
   rows: 1
   cols: 5
   dt: d
   data: [ 1.1917393726178681e-01, -3.3358953362044441e-01,
       1.4655342779087881e-03, 1.0478388320429087e-04,
       1.3892343227550502e-01 ]
rotation: !!opencv-matrix
   rows: 3
   cols: 3
   dt: d
   data: [ 1., 0., 0., 0., 1., 0., 0., 0., 1. ]
projection: !!opencv-matrix
   rows: 4
   cols: 4
   dt: d
   data: [ 3.6823238946864490e+02, 0., 2.5248263693433844e+02, 0., 0.,
       3.6809016198365634e+02, 2.0645810168826799e+02, 0., 0., 0., 1.,
       0., 0., 0., 0., 1. ]
